IDs
4_5
4_7
4_18
4_19
4_20
4_23
5_4
5_5
5_6
5_9
5_10
5_15
5_17
5_18
5_19
5_20
5_21
5_23
5_24
5_26
5_28
5_39
5_40
5_42
5_43
5_55
5_56
5_57
5_59
5_76
5_77
5_78
5_79
5_80
5_81
5_82
5_83
5_98
5_106
5_107
5_109
