IDs
6_1
6_2
6_3
6_4
6_5
6_6
6_7
6_8
6_9
6_10
6_11
6_13
6_25
6_39
6_40
6_41
6_42
6_43
6_44
6_45
6_46
6_48
6_51
6_53
6_54
6_55
6_59
6_63
6_65
6_67
6_68
6_70
6_71
6_72
6_73
6_74
6_76
6_77
6_78
6_79
6_87
6_91
6_92
6_94
6_100
6_101
6_105
6_106
6_107
6_108
6_109
6_117
6_118
6_119
6_120
6_121
6_122
6_123
6_125
6_126
6_127
6_129
6_132
6_133
6_135
6_137
6_138
6_139
6_140
6_141
6_142
6_143
6_144
6_149
6_151
6_153
6_154
6_155
6_156
6_157
6_158
6_159
6_160
6_161
6_162
6_163
6_164
6_168
6_169
6_172
6_176
6_177
6_180
6_184
6_185
6_186
6_187
6_188
6_190
6_191
6_193
6_197
6_198
6_199
6_200
6_205
6_207
6_209
6_210
6_211
6_213
6_216
6_218
6_219
6_223
6_226
6_228
6_230
6_235
6_236
6_237
6_238
6_239
6_240
6_241
6_244
6_245
6_246
6_247
6_248
6_249
6_250
6_254
6_255
6_256
6_257
6_258
6_259
6_263
6_264
6_265
6_266
6_267
6_273
6_274
6_275
6_276
6_277
6_278
6_281
6_282
6_283
6_290
6_292
6_293
6_294
6_295
6_296
6_299
6_301
6_302
6_303
6_304
6_307
6_309
6_310
6_311
6_312
6_313
6_314
6_315
6_316
6_317
6_319
6_320
6_322
6_331
6_332
6_336
6_337
6_339
6_340
6_343
6_345
6_346
6_347
6_348
6_349
6_350
6_352
6_354
6_355
6_356
6_359
6_360
6_362
6_363
6_364
6_365
6_366
6_368
6_369
6_370
6_371
6_372
6_373
6_374
6_375
6_378
6_379
6_380
6_383
6_384
6_385
6_387
6_388
6_389
6_390
6_392
6_393
6_394
6_395
6_396
6_397
6_398
6_399
6_400
6_401
6_402
6_403
6_404
6_405
6_406
6_408
6_409
6_410
6_411
6_412
6_413
6_414
6_415
6_416
6_417
6_418
6_420
6_421
6_422
6_423
6_424
6_425
6_426
6_427
6_428
6_429
6_430
6_431
6_432
6_433
6_434
6_435
6_440
6_446
6_447
6_448
6_450
6_451
6_454
6_455
6_456
6_458
6_459
6_460
6_461
6_463
6_464
6_465
6_467
6_468
6_469
6_470
6_471
6_472
6_473
6_475
6_476
6_477
6_479
6_480
6_481
6_482
6_483
6_484
6_485
6_486
6_487
6_488
6_489
6_490
6_491
6_492
6_493
6_494
6_495
6_498
6_500
6_502
